100
1000
1001
100133941
1005
10075
10077
10099
101
10123
10125
10140
10161
10178
10184
10215
10219
10225
10267
10278
1029
10290
10371
10391
1041
10439
10451
10452
10460
10481
10509
1051
10516
10523
10563
10570
10578
10616
10661
10725
10734
10755
108
10863
10870
10875
10892
11005
11012
11040
11046
11057
11059
11151
11155
1116
1118
11202
11262
11281
113
11314
11320
113791
1139
1141
1147
114836
114884
115201
115350
115362
1154
115704
116379
116448
116984
118788
120071
1231
1233
1236
1244
126364
126638
1268
1269
1271
128338
129293
130120
131405
132
1326
136319
1378
1380
140628
140688
143098
1439
144165
1445
144501
145581
146754
146760
1485
1493
14943
150291
150372
150726
150962
151888
1521
152137
1522
152330
1524
152789
153572
153579
1536
154
157
160518
162394
163782
1638
1646
1657
1690
1750
1770
1776
1803
1840
1844
18449289
186930
1875
19
1958
196374
199786
201633
2052
2124
2125
2138
2153
2173
219790
220
220002
2207
2213
221472
2239
2272
22800
22806
22875
22914
2295
23030
23043
23048
23075
23108
23114
23118
23216
23221
23224
23227
23228
2323
23231
23237
23242
23254
23348
23360
23380
23467
23476
23484
23499
23547
23603
23632
23710
23762
2532
2533
2534
2555
2558
2562
2566
2568
2569
2571
25777
25791
25818
25825
25865
25875
2592
25932
25948
2596
25984
26
26018
26040
26050
26085
26136
26167
26191
26228
2625
2626
26298
2633
26330
2634
2650
2668
266812
267
2674
2676
27018
27036
27040
27065
27071
27086
27107
27180
27185
27240
27255
27303
2731
27314
2743
2760
2768
2774
2810
28232
2833
283663
283666
283989
28566
28568
28577
28639
286887
28755
28793
2891
2899
29101
2919
2954
29760
29799
29802
29887
29984
2999
30009
3001
3002
3003
301
3059
307
3071
3084
30848
3087
3107
3108
3109
3111
3112
3113
3115
3117
3118
3119
3120
3122
3123
3125
3126
3127
313
3171
3195
3196
3204
321
3212
3219
322
3228
3239
3248
330
3305
3309
333
3337
337882
338785
339122
3394
339416
3398
340061
340273
340348
342574
3429
3437
3458
3460
347365
348938
349236
3500
3512
3514
3535
3543
3551
356
3560
3561
3566
3572
3575
3576
3587
3589
360
3604
361
3627
3635
3636
3655
3662
3670
3684
3687
3689
3702
3707
3708
3713
3728
3781
3783
3805
3815
3820
3821
3824
3848
3851
3852
3853
3854
3860
3861
3866
3868
387119
3872
387357
387914
3880
388228
388533
388646
389206
389549
3897
3899
3902
3904
3932
3937
3945
3963
3965
3977
399
399665
400954
4010
401252
4014
4033
4050
4064
4065
4067
4068
4081
4082
4088
4094
4099
4100
4103
4104
4109
4110
4112
4113
4118
4145
4147
414777
4208
4221
4223
4261
4283
4300
4308
4320
4321
4325
4332
4340
4345
4359
439949
440352
440438
445347
445815
4504
460
4603
4605
4643
4684
4685
4687
4689
4690
4753
476
4773
4790
4792
4794
4818
4821
4857
4885
4917
4922
4927
4929
4948
4953
5017
5058
50615
5062
50650
5067
5079
50852
50862
50943
50944
5095
51092
51115
51176
51177
51237
5125
51264
5128
51284
51316
5133
51365
51366
51398
51411
51438
5144
51465
51473
51474
5150
5152
5170
51760
51806
5212
5265
5275
5287
5290
5291
5293
5295
5296
5307
5308
5315
53335
5335
5336
5341
5349
535
5366
5375
53838
53981
54033
54103
54431
54438
54440
54463
5450
5452
5453
54549
5455
5457
54625
54626
54661
5473
54762
54809
54886
54900
54923
5493
54941
54967
55016
55024
55072
55103
55180
55205
5521
55214
55246
55275
55283
55301
55303
55340
55423
5547
55501
5551
5552
55568
55612
55636
55646
55655
55700
55714
55717
55740
5578
5579
55803
5581
55816
55824
5584
55843
55859
55879
5588
5594
56130
56133
56134
56135
56136
56137
56138
56141
56142
56145
56146
56172
56253
5644
5649
5650
5655
5663
5664
56654
56896
56937
57134
57136
57148
57217
57228
5728
5732
574
575
57520
57565
57580
57590
57674
577
57717
5775
57758
57804
57817
57823
5788
5790
5829
5833
5880
59
59084
5920
59338
5937
596
5970
5991
5993
5998
6001
6003
6039
60485
605
608
6095
6097
6233
6251
627
6278
6279
6281
6285
6299
6302
6304
6352
6354
6363
6364
6366
6372
6373
6374
6375
63827
63917
63940
63973
640
6402
6404
64092
64093
64116
64167
642808
643
643338
64400
64407
644347
646
6472
647217
64759
64843
64881
6490
64919
65009
6503
6504
6513
6518
651961
6565
6581
65975
6616
6620
6643
6653
6656
6657
6664
6689
6696
6698
6699
6700
6701
6703
6704
6705
6706
6707
6775
6778
682
6846
6850
6856
6857
6885
6891
6932
694
695
6955
7006
701
7022
7049
7070
7074
7096
7128
7133
7153
7163
7189
719
7204
728239
7294
7306
7311
7314
7316
7334
7335
7373
7376
7378
7390
7405
7408
7425
7433
7447
7454
7456
7462
7465
7480
7535
7552
7704
7710
7756
780
7802
784
79158
79187
79192
79368
7942
79600
79666
79668
79677
79699
7979
79817
79890
79937
79982
8000
80005
80059
80070
80183
80218
80303
80760
8082
80824
81030
8115
8120
814
8153
81539
81557
81563
81793
81844
8277
8302
8309
832
8320
83416
83478
83606
84059
84124
84152
8417
84171
84174
84186
84189
84239
84329
84433
84447
84513
8456
8459
84617
8463
84695
84824
84941
8517
8519
85236
8530
8533
8550
8553
8556
860
8631
8682
8685
87
8701
8712
8718
8739
8740
8764
8767
8784
8788
8796
8807
8809
8821
8857
8880
8915
8934
8935
894
8942
89857
89891
9001
901
90102
9021
9022
9024
90427
90737
911
91133
9119
912
9120
91316
914
9144
915
916
917
9170
9172
91851
919
91937
920
921
92196
92241
923
9235
924
925
9254
926
9262
92667
9267
92737
93
930
9308
931
933
934
9355
9369
939
93986
940
9402
9404
942
9423
944
9447
9450
9452
9464
9467
9473
9503
9508
9516
952
9535
954
9560
9564
95681
9582
962
9622
963
9663
968
9709
971
9712
972
9723
973
974
9751
9758
9767
9788
9805
9806
9840
9896
9938
9947
9976
999
